!MOLECULE
CH+
!MOLECULAR WEIGHT
13.0
!NUMBER OF ENERGY LEVELS
11
!LEVEL + ENERGIES(cm^-1) + WEIGHT + J
    1     0.0000          1.0     0
    2    27.8572          3.0     1
    3    83.5384          5.0     2
    4   166.9780          7.0     3
    5   278.0750          9.0     4
    6   416.7000         11.0     5
    7   582.6890         13.0     6
    8   775.8440         15.0     7
    9   995.9410         17.0     8
   10  1242.7200         19.0     9
   11  1515.9000         21.0    10
!NUMBER OF RADIATIVE TRANSITIONS                        
10                                                     
!TRANS + UP + LOW + EINSTEINA(s^-1) + FREQ(GHz) + E_u(K)
    1     2     1   6.3636E-03  40.08023       40.080249  
    2     3     2   6.0982E-02  80.11277      120.192980  
    3     4     3   2.1986E-01 120.05007      240.243089  
    4     5     4   5.3826E-01 159.84483      400.087851  
    5     6     5   1.0693E+00 199.45017      599.538066  
    6     7     6   1.8640E+00 238.81973      838.357775  
    7     8     7   2.9698E+00 277.90781     1116.265554  
    8     9     8   4.4307E+00 316.66949     1432.935088  
    9    10     9   6.2861E+00 355.06075     1787.995894  
   10    11    10   8.5716E+00 393.03858     2181.034466  
!NUMBER OF COLL PARTNERS         
1                               
!COLLISIONS BETWEEN              
6 CO-He from Hammami et al. 2008 and 2009                                                                                                                                                       
!NUMBER OF COLL TRANS                                                                                                                                                        
55                                                                                                                                                                           
!NUMBER OF COLL TEMPS                                                                                                                                                        
10                                                                                                                                                                           
!COLL TEMPS                                                                                                                                                                  
                 20             50             100            150            200            300            500            1000           1500           2000                 
!TRANS+ UP+ LOW+ Downward collision rates (cm^3 s^-1)                                                                                                                        
    1    2   1    5.8466e-11  7.8010e-11     9.5121e-11     1.0367e-10     1.0751e-10     1.0892E-10     1.0474E-10     9.3755E-11     8.6919E-11     8.2199E-11         
    2    3   1    2.8660e-11  3.7597e-11     4.4271e-11     4.7877e-11     5.0520e-11     5.4712E-11     6.0895E-11     6.8789E-11     7.1572E-11     7.2620E-11         
    3    3   2    8.4872e-11  9.0563e-11     9.6963e-11     1.0341e-10     1.0850e-10     1.1448E-10     1.1728E-10     1.1262E-10     1.0753E-10     1.0347E-10         
    4    4   1    1.7680e-11  1.9364e-11     2.1156e-11     2.1905e-11     2.2032e-11     2.1373E-11     1.9118E-11     1.4804E-11     1.2486E-11     1.1121E-11         
    5    4   2    4.5180e-11  5.6201e-11     6.4802e-11     7.1445e-11     7.7504e-11     8.8407E-11     1.0579E-10     1.3046E-10     1.4071E-10     1.4494E-10         
    6    4   3    5.6543e-11  5.8087e-11     6.1062e-11     6.4828e-11     6.8615e-11     7.4955E-11     8.2783E-11     8.9974E-11     9.1966E-11     9.2355E-11         
    7    5   1    7.5614e-12  7.5191e-12     7.9187e-12     8.8225e-12     9.9479e-12     1.2349E-11     1.6741E-11     2.4127E-11     2.7741E-11     2.9365E-11         
    8    5   2    1.6563e-11  1.6259e-11     1.6744e-11     1.7352e-11     1.7853e-11     1.8445E-11     1.8632E-11     1.7816E-11     1.7104E-11     1.6602E-11         
    9    5   3    8.2166e-11  8.2232e-11     8.4447e-11     8.8583e-11     9.3404e-11     1.0329E-10     1.2071E-10     1.4877E-10     1.6297E-10     1.7013E-10         
   10    5   4    3.0398e-11  3.0996e-11     3.2890e-11     3.5558e-11     3.8524e-11     4.4272E-11     5.3386E-11     6.6319E-11     7.2883E-11     7.6588E-11         
   11    6   1    1.3958e-12  1.4348e-12     1.5444e-12     1.6400e-12     1.7300e-12     1.8893E-12     2.1234E-12     2.4700E-12     2.6880E-12     2.8346E-12         
   12    6   2    2.0644e-11  1.9740e-11     2.0430e-11     2.1750e-11     2.3223e-11     2.6285E-11     3.2428E-11     4.5476E-11     5.3674E-11     5.8207E-11         
   13    6   3    5.9203e-12  6.1309e-12     6.7081e-12     7.3642e-12     8.0216e-12     9.2178E-12     1.1060E-11     1.3795E-11     1.5314E-11     1.6233E-11         
   14    6   4    8.2678e-11  7.8772e-11     7.8417e-11     8.1601e-11     8.6049e-11     9.5934E-11     1.1444E-10     1.4622E-10     1.6408E-10     1.7437E-10         
   15    6   5    1.8246e-11  1.7727e-11     1.8623e-11     2.0181e-11     2.2074e-11     2.6196E-11     3.4002E-11     4.8021E-11     5.6663E-11     6.2226E-11         
   16    7   1    3.6784e-12  3.5754e-12     3.6381e-12     3.8481e-12     4.0935e-12     4.5865E-12     5.5789E-12     8.2688E-12     1.0468E-11     1.1906E-11         
   17    7   2    9.3218e-13  9.7253e-13     1.1099e-12     1.2570e-12     1.4067e-12     1.7118E-12     2.3213E-12     3.6910E-12     4.7426E-12     5.4934E-12         
   18    7   3    2.1335e-11  2.0253e-11     2.0771e-11     2.2197e-11     2.3861e-11     2.7322E-11     3.4211E-11     4.9685E-11     6.0782E-11     6.7859E-11         
   19    7   4    2.5447e-12  2.5014e-12     2.7580e-12     3.1181e-12     3.5419e-12     4.5014E-12     6.5071E-12     1.0643E-11     1.3429E-11     1.5279E-11         
   20    7   5    7.2028e-11  6.8650e-11     6.9207e-11     7.2669e-11     7.7080e-11     8.6611E-11     1.0467E-10     1.3755E-10     1.5779E-10     1.7065E-10         
   21    7   6    1.3764e-11  1.2690e-11     1.2969e-11     1.3881e-11     1.5096e-11     1.7971E-11     2.4058E-11     3.6692E-11     4.5470E-11     5.1550E-11         
   22    8   1    2.1607e-13  1.8847e-13     1.9241e-13     2.1122e-13     2.3553e-13     2.9225E-13     4.2016E-13     7.6333E-13     1.0737E-12     1.3164E-12         
   23    8   2    6.6745e-12  6.1394e-12     6.2620e-12     6.6789e-12     7.1551e-12     8.1105E-12     1.0045E-11     1.5631E-11     2.0767E-11     2.4497E-11         
   24    8   3    9.7549e-13  8.9064e-13     9.5523e-13     1.0747e-12     1.2141e-12     1.5290E-12     2.2415E-12     4.1090E-12     5.7047E-12     6.9146E-12         
   25    8   4    1.7171e-11  1.6583e-11     1.7401e-11     1.8958e-11     2.0733e-11     2.4418E-11     3.1705E-11     4.8123E-11     6.0615E-11     6.9304E-11         
   26    8   5    3.3571e-12  2.9192e-12     2.9348e-12     3.1405e-12     3.4122e-12     4.0769E-12     5.6780E-12     9.7084E-12     1.2814E-11     1.5021E-11         
   27    8   6    5.7756e-11  5.4105e-11     5.5203e-11     5.9011e-11     6.3682e-11     7.3617E-11     9.2301E-11     1.2673E-10     1.4868E-10     1.6326E-10         
   28    8   7    1.5046e-11  1.2999e-11     1.2469e-11     1.2827e-11     1.3541e-11     1.5508E-11     2.0148E-11     3.0772E-11     3.8740E-11     4.4530E-11         
   29    9   1    9.3767e-13  9.1762e-13     9.9350e-13     1.1055e-12     1.2208e-12     1.4359E-12     1.8300E-12     3.0413E-12     4.3682E-12     5.4488E-12         
   30    9   2    6.8989e-13  6.0842e-13     6.2494e-13     6.8573e-13     7.5827e-13     9.0915E-13     1.2019E-12     1.9538E-12     2.6903E-12     3.3078E-12         
   31    9   3    5.1543e-12  4.8935e-12     5.2168e-12     5.7922e-12     6.4294e-12     7.7361E-12     1.0389E-11     1.7651E-11     2.4520E-11     2.9880E-11         
   32    9   4    1.8788e-12  1.6778e-12     1.7064e-12     1.8462e-12     2.0149e-12     2.3727E-12     3.1083E-12     5.0438E-12     6.8186E-12     8.2340E-12         
   33    9   5    1.2953e-11  1.2507e-11     1.3373e-11     1.4899e-11     1.6653e-11     2.0407E-11     2.8012E-11     4.5156E-11     5.8453E-11     6.8144E-11         
   34    9   6    4.8511e-12  4.2524e-12     4.1917e-12     4.4073e-12     4.6978e-12     5.3564E-12     6.7877E-12     1.0395E-11     1.3359E-11     1.5551E-11         
   35    9   7    4.1750e-11  3.9866e-11     4.1485e-11     4.5209e-11     4.9692e-11     5.9379E-11     7.8105E-11     1.1414E-10     1.3805E-10     1.5436E-10         
   36    9   8    1.8232e-11  1.5680e-11     1.4610e-11     1.4621e-11     1.5021e-11     1.6382E-11     1.9895E-11     2.8486E-11     3.5245E-11     4.0284E-11         
   37   10   1    2.0186e-13  1.8669e-13     2.0033e-13     2.2742e-13     2.5770e-13     3.1749E-13     4.1519E-13     6.0967E-13     7.9911E-13     9.6908E-13         
   38   10   2    1.3153e-12  1.2699e-12     1.3907e-12     1.5892e-12     1.8070e-12     2.2637E-12     3.2040E-12     6.0848E-12     9.2677E-12     1.2005E-11         
   39   10   3    1.0810e-12  9.9593e-13     1.0605e-12     1.1958e-12     1.3473e-12     1.6464E-12     2.1416E-12     3.1582E-12     4.1187E-12     4.9529E-12         
   40   10   4    3.3574e-12  3.2925e-12     3.6542e-12     4.2265e-12     4.8711e-12     6.3038E-12     9.4243E-12     1.7913E-11     2.5792E-11     3.2072E-11         
   41   10   5    2.5998e-12  2.3779e-12     2.4678e-12     2.7112e-12     2.9870e-12     3.5314E-12     4.4470E-12     6.3778E-12     8.1075E-12     9.5331E-12         
   42   10   6    8.6616e-12  8.4378e-12     9.2608e-12     1.0635e-11     1.2221e-11     1.5792E-11     2.3335E-11     4.0997E-11     5.4987E-11     6.5343E-11         
   43   10   7    5.9195e-12  5.3264e-12     5.3241e-12     5.6478e-12     6.0505e-12     6.9032E-12     8.4680E-12     1.1802E-11     1.4466E-11     1.6473E-11         
   44   10   8    3.0150e-11  2.8915e-11     3.0491e-11     3.3731e-11     3.7588e-11     4.6271E-11     6.3763E-11     9.9734E-11     1.2494E-10     1.4252E-10         
   45   10   9    2.1631e-11  1.8955e-11     1.7595e-11     1.7442e-11     1.7701e-11     1.8795E-11     2.1639E-11     2.8624E-11     3.4250E-11     3.8524E-11         
   46   11   1    1.6325e-13  1.6973e-13     1.9792e-13     2.3654e-13     2.7693e-13     3.7206E-13     5.7888E-13     1.2592E-12     2.0545E-12     2.7827E-12         
   47   11   2    4.2483e-13  4.2514e-13     4.8410e-13     5.7419e-13     6.7068e-13     8.7732E-13     1.2033E-12     1.7474E-12     2.2194E-12     2.6452E-12         
   48   11   3    8.4133e-13  8.7325e-13     1.0170e-12     1.2192e-12     1.4355e-12     1.9744E-12     3.2175E-12     7.1936E-12     1.1441E-11     1.5137E-11         
   49   11   4    1.1564e-12  1.1535e-12     1.2962e-12     1.5155e-12     1.7484e-12     2.2421E-12     3.0153E-12     4.3132E-12     5.3982E-12     6.3360E-12         
   50   11   5    1.8895e-12  1.9798e-12     2.3222e-12     2.8087e-12     3.3422e-12     4.7195E-12     7.8986E-12     1.7002E-11     2.5507E-11     3.2383E-11         
   51   11   6    2.5566e-12  2.5134e-12     2.7450e-12     3.1212e-12     3.5167e-12     4.3451E-12     5.6292E-12     7.7712E-12     9.4441E-12     1.0795E-11         
   52   11   7    4.9987e-12  5.1430e-12     5.8888e-12     6.9917e-12     8.2119e-12     1.1332E-11     1.8149E-11     3.5276E-11     4.9542E-11     6.0390E-11         
   53   11   8    5.8624e-12  5.6388e-12     5.8853e-12     6.4027e-12     6.9520e-12     8.1395E-12     1.0071E-11     1.3538E-11     1.6073E-11     1.7923E-11         
   54   11   9    2.0145e-11  2.0226e-11     2.1944e-11     2.4722e-11     2.7793e-11     3.5458E-11     5.1093E-11     8.5561E-11     1.1114E-10     1.2939E-10         
   55   11  10    2.2566e-11  2.1005e-11     2.0189e-11     2.0297e-11     2.0632e-11     2.1861E-11     2.4448E-11     3.0405E-11     3.5149E-11     3.8707E-11         
                                                                                                                                                                          